1 0.38 0.5820393374741201 0.027428571428571427 0.022256728778467908
1 0.7655714285714286 0.592391304347826 0.03 0.03260869565217391
1 0.2987142857142857 0.6045548654244306 0.022 0.025879917184265012
1 0.44971428571428573 0.6045548654244306 0.026857142857142857 0.025879917184265012
1 0.9008571428571429 0.6086956521739131 0.026285714285714287 0.023809523809523808
1 0.6274285714285714 0.6174948240165632 0.01657142857142857 0.031055900621118012
1 0.6888571428571428 0.6190476190476191 0.019428571428571427 0.023809523809523808
1 0.23085714285714284 0.6216356107660456 0.02057142857142857 0.018633540372670808
1 0.5798571428571428 0.6242236024844721 0.018571428571428572 0.023809523809523808
1 0.5168571428571429 0.6275879917184265 0.018285714285714287 0.030538302277432712
0 0.7591428571428571 0.7217908902691511 0.07714285714285714 0.291407867494824
0 0.8991428571428571 0.7223084886128365 0.04857142857142857 0.2665631469979296
0 0.6322857142857143 0.7261904761904762 0.06628571428571428 0.2587991718426501
0 0.585 0.7321428571428571 0.06885714285714285 0.25
0 0.38185714285714284 0.7329192546583851 0.06542857142857143 0.3136645962732919
0 0.5207142857142857 0.7342132505175983 0.048857142857142856 0.2386128364389234
0 0.45071428571428573 0.7355072463768116 0.057428571428571426 0.2981366459627329
0 0.2277142857142857 0.7355072463768116 0.05714285714285714 0.2608695652173913
0 0.697 0.7378364389233955 0.07571428571428572 0.2665631469979296
0 0.29114285714285715 0.7437888198757764 0.052571428571428575 0.2888198757763975
0 0.32785714285714285 0.7458592132505176 0.040285714285714286 0.2463768115942029
