1 0.7697916666666667 0.3625 0.06458333333333334 0.06875
2 0.671875 0.4984375 0.08958333333333333 0.159375
2 0.7833333333333333 0.5 0.05416666666666667 0.1875
0 0.7739583333333333 0.5546875 0.10208333333333333 0.440625
2 0.46770833333333334 0.559375 0.10625 0.25
0 0.6729166666666667 0.559375 0.1125 0.43125
2 0.903125 0.565625 0.16041666666666668 0.35
2 0.5875 0.63125 0.10833333333333334 0.31875
0 0.896875 0.6375 0.20625 0.725
0 0.4625 0.646875 0.09583333333333334 0.6125
2 0.1375 0.6484375 0.19166666666666668 0.321875
0 0.128125 0.653125 0.21041666666666667 0.575
0 0.571875 0.6765625 0.12708333333333333 0.603125
