1 0.815625 0.25538894095595127 0.12125 0.1471415182755389
1 0.16125 0.29194001874414244 0.11625 0.16026241799437677
1 0.249375 0.3331771321462043 0.075 0.1302717900656045
1 0.42625 0.3444236176194939 0.07875 0.10965323336457357
1 0.5571875 0.36457357075913777 0.088125 0.11433926897844424
0 0.8325 0.5918462980318651 0.17875 0.8163074039362699
0 0.163125 0.6087160262417994 0.195 0.7825679475164011
0 0.274375 0.6349578256794751 0.135 0.7300843486410497
0 0.43375 0.6443298969072165 0.14875 0.711340206185567
0 0.5915625 0.6518275538894096 0.169375 0.6963448922211809
