1 0.9153439153439153 0.28706896551724137 0.09735449735449736 0.10517241379310345
1 0.629100529100529 0.33448275862068966 0.06455026455026455 0.08620689655172414
1 0.42063492063492064 0.38362068965517243 0.09206349206349207 0.13620689655172413
1 0.5582010582010583 0.3853448275862069 0.08571428571428572 0.12586206896551724
1 0.1037037037037037 0.3887931034482759 0.1037037037037037 0.11206896551724138
0 0.8931216931216931 0.6120689655172413 0.21375661375661376 0.7758620689655172
0 0.6338624338624339 0.6456896551724138 0.07830687830687831 0.7086206896551724
0 0.40476190476190477 0.6551724137931034 0.1746031746031746 0.6896551724137931
0 0.1349206349206349 0.6620689655172414 0.24232804232804234 0.6758620689655173
0 0.5634920634920635 0.6620689655172414 0.1619047619047619 0.6758620689655173
