1 0.36533333333333334 0.2590909090909091 0.032 0.05909090909090909
1 0.6106666666666667 0.2772727272727273 0.042666666666666665 0.05
1 0.5233333333333333 0.29545454545454547 0.028 0.05
2 0.5 0.3068181818181818 0.05333333333333334 0.07272727272727272
0 0.5006666666666667 0.35795454545454547 0.084 0.18409090909090908
0 0.41133333333333333 0.3806818181818182 0.08133333333333333 0.3704545454545455
1 0.33666666666666667 0.38295454545454544 0.03866666666666667 0.07045454545454545
1 0.6806666666666666 0.38295454545454544 0.04666666666666667 0.075
1 0.5946666666666667 0.4102272727272727 0.048 0.07954545454545454
1 0.09066666666666667 0.5284090909090909 0.05333333333333334 0.07954545454545454
0 0.3273333333333333 0.5352272727272728 0.092 0.3977272727272727
0 0.5966666666666667 0.6022727272727273 0.09466666666666666 0.45454545454545453
0 0.22466666666666665 0.6125 0.08133333333333333 0.3704545454545455
1 0.766 0.65 0.04133333333333333 0.05
1 0.8126666666666666 0.6511363636363636 0.036 0.075
0 0.11066666666666666 0.6818181818181818 0.09333333333333334 0.21818181818181817
1 0.49066666666666664 0.7340909090909091 0.04533333333333334 0.08181818181818182
0 0.8686666666666667 0.7340909090909091 0.14 0.22272727272727272
0 0.74 0.7397727272727272 0.10933333333333334 0.2340909090909091
0 0.44866666666666666 0.7852272727272728 0.148 0.20681818181818182
1 0.4046666666666667 0.225 0.04666666666666667 0.05
