2 0.884375 0.4521575984990619 0.20375 0.3827392120075047
0 0.889375 0.5544090056285178 0.21875 0.8911819887429644
2 0.676875 0.5900562851782364 0.16875 0.41838649155722324
2 0.146875 0.6172607879924953 0.20375 0.46904315196998125
2 0.415625 0.6200750469043153 0.20125 0.41838649155722324
0 0.424375 0.6210131332082551 0.17625 0.7579737335834896
0 0.138125 0.6219512195121951 0.19125 0.7335834896810507
0 0.265 0.6332082551594747 0.1675 0.6923076923076923
0 0.69 0.6341463414634146 0.175 0.7317073170731707
0 0.550625 0.6416510318949343 0.12875 0.7166979362101313
