1 0.284 0.5465465465465466 0.04 0.04804804804804805
1 0.424 0.5495495495495496 0.036 0.04804804804804805
1 0.634 0.5525525525525525 0.04 0.04804804804804805
1 0.704 0.5570570570570571 0.048 0.05105105105105105
1 0.351 0.5585585585585585 0.042 0.04804804804804805
1 0.57 0.5960960960960962 0.044 0.057057057057057055
0 0.281 0.7357357357357357 0.082 0.4264264264264264
0 0.357 0.7372372372372372 0.062 0.4174174174174174
0 0.426 0.7387387387387387 0.06 0.4264264264264264
0 0.705 0.7432432432432432 0.07 0.4294294294294294
0 0.634 0.7462462462462462 0.06 0.4294294294294294
0 0.493 0.7477477477477478 0.066 0.4144144144144144
0 0.567 0.7627627627627628 0.066 0.37237237237237236
