1 0.14916666666666667 0.1320049813200498 0.18333333333333332 0.16687422166874222
1 0.5204166666666666 0.15006226650062265 0.10583333333333333 0.1133250311332503
1 0.8591666666666666 0.18617683686176836 0.16333333333333333 0.1382316313823163
1 0.2875 0.2602739726027397 0.085 0.0921544209215442
1 0.7604166666666666 0.2646326276463263 0.0725 0.1133250311332503
0 0.15166666666666667 0.5211706102117061 0.28 0.9302615193026152
0 0.5308333333333334 0.549813200498132 0.25833333333333336 0.900373599003736
0 0.8879166666666667 0.5523038605230386 0.22416666666666665 0.8704856787048568
0 0.32 0.6039850560398505 0.16833333333333333 0.7920298879202988
0 0.7545833333333334 0.6039850560398505 0.16916666666666666 0.7920298879202988
