1 0.16175 0.38866666666666666 0.0715 0.06933333333333333
1 0.581625 0.4305 0.04025 0.041
1 0.4875 0.4345 0.0405 0.028333333333333332
1 0.736625 0.44116666666666665 0.06125 0.05433333333333333
1 0.837625 0.44333333333333336 0.06325 0.04533333333333334
1 0.23275 0.4445 0.0535 0.04766666666666667
1 0.31675 0.45116666666666666 0.0415 0.061
1 0.646625 0.454 0.03775 0.032
1 0.40825 0.4573333333333333 0.0375 0.034
0 0.48525 0.5811666666666667 0.0885 0.3343333333333333
0 0.40275 0.59 0.0735 0.30666666666666664
0 0.576375 0.5905 0.09025 0.353
0 0.658125 0.6115 0.07425 0.36433333333333334
0 0.739375 0.6178333333333333 0.09175 0.3943333333333333
0 0.31375 0.6256666666666667 0.0915 0.37866666666666665
0 0.23625 0.6405 0.0905 0.43966666666666665
0 0.139125 0.65 0.10475 0.5866666666666667
0 0.844125 0.6563333333333333 0.11425 0.4673333333333333
