1 0.260546875 0.3229166666666667 0.05546875 0.058333333333333334
1 0.59375 0.3328125 0.0765625 0.06354166666666666
1 0.448046875 0.34322916666666664 0.06640625 0.042708333333333334
1 0.75390625 0.36041666666666666 0.1046875 0.08333333333333333
1 0.3453125 0.40520833333333334 0.0890625 0.10416666666666667
0 0.26015625 0.540625 0.08125 0.49375
0 0.5828125 0.5833333333333334 0.1375 0.5791666666666667
0 0.46171875 0.5885416666666666 0.103125 0.5604166666666667
0 0.751171875 0.6541666666666667 0.14140625 0.6916666666666667
0 0.341796875 0.671875 0.13984375 0.6520833333333333
