1 0.1 0.18962264150943398 0.0853932584269663 0.12264150943396226
2 0.6370786516853932 0.36792452830188677 0.1101123595505618 0.3132075471698113
1 0.8235955056179776 0.44245283018867926 0.0449438202247191 0.08113207547169811
2 0.11235955056179775 0.4556603773584906 0.1662921348314607 0.3641509433962264
2 0.7747191011235955 0.4660377358490566 0.14269662921348314 0.4867924528301887
0 0.7730337078651686 0.4688679245283019 0.13258426966292136 0.7377358490566037
0 0.6342696629213483 0.4858490566037736 0.11573033707865168 0.7754716981132076
0 0.11292134831460675 0.5556603773584906 0.19662921348314608 0.8584905660377359
0 0.851123595505618 0.6528301886792452 0.13146067415730336 0.4867924528301887
2 0.8471910112359551 0.6566037735849056 0.1146067415730337 0.25660377358490566
1 0.6393258426966292 0.1471698113207547 0.056179775280898875 0.08679245283018867
1 0.7573033707865169 0.15283018867924528 0.06741573033707865 0.08679245283018867
