1 0.7825 0.1511111111111111 0.11333333333333333 0.1274074074074074
1 0.4920833333333333 0.18592592592592594 0.08916666666666667 0.1348148148148148
1 0.6075 0.19703703703703704 0.09 0.11259259259259259
1 0.33708333333333335 0.2037037037037037 0.09583333333333334 0.10814814814814815
1 0.1725 0.2362962962962963 0.11333333333333333 0.13777777777777778
0 0.8066666666666666 0.5392592592592592 0.205 0.9214814814814815
0 0.47333333333333333 0.56 0.14666666666666667 0.88
0 0.6316666666666667 0.5688888888888889 0.17166666666666666 0.8622222222222222
0 0.3225 0.5718518518518518 0.15333333333333332 0.8562962962962963
0 0.15083333333333335 0.5888888888888889 0.18666666666666668 0.8222222222222222
