1 0.653 0.30930930930930933 0.134 0.15015015015015015
1 0.297 0.32732732732732733 0.074 0.10810810810810811
0 0.925 0.5480480480480481 0.15 0.8918918918918919
0 0.419 0.5570570570570571 0.194 0.8858858858858859
0 0.108 0.581081081081081 0.18 0.8378378378378378
0 0.775 0.6066066066066066 0.182 0.7867867867867868
0 0.655 0.6201201201201201 0.194 0.7597597597597597
0 0.283 0.6396396396396397 0.13 0.7207207207207207
1 0.949 0.1831831831831832 0.102 0.15615615615615616
1 0.464 0.2132132132132132 0.136 0.1981981981981982
1 0.128 0.23423423423423423 0.124 0.13213213213213212
1 0.757 0.25825825825825827 0.106 0.0960960960960961
