1 0.5256290773532153 0.1734375 0.0391425908667288 0.075
1 0.6430568499534017 0.196875 0.06896551724137931 0.096875
2 0.39095992544268404 0.21171875 0.05125815470643057 0.1015625
1 0.4473438956197577 0.2140625 0.06896551724137931 0.075
1 0.2721342031686859 0.2203125 0.06896551724137931 0.10625
2 0.34529356943150047 0.22578125 0.04193849021435228 0.0984375
1 0.723205964585275 0.2359375 0.07642124883504194 0.0875
0 0.5438024231127679 0.5078125 0.10531220876048462 0.75
0 0.630009319664492 0.540625 0.1435228331780056 0.846875
0 0.434762348555452 0.5578125 0.15191053122087605 0.75625
0 0.2674743709226468 0.5671875 0.18266542404473438 0.81875
0 0.7469711090400746 0.59296875 0.1276794035414725 0.8140625
