1 0.884765625 0.24791666666666667 0.22109375 0.18333333333333332
1 0.669140625 0.24947916666666667 0.13828125 0.153125
1 0.5171875 0.3229166666666667 0.1515625 0.175
1 0.152734375 0.325 0.13671875 0.11041666666666666
1 0.378125 0.33645833333333336 0.109375 0.13333333333333333
1 0.29296875 0.4005208333333333 0.1 0.10104166666666667
0 0.892578125 0.565625 0.21484375 0.86875
0 0.7109375 0.5895833333333333 0.2265625 0.8208333333333333
2 0.718359375 0.6052083333333333 0.15859375 0.37916666666666665
0 0.526171875 0.6166666666666667 0.19140625 0.75
0 0.117578125 0.6416666666666667 0.23359375 0.7166666666666667
