0 0.6069409547738693 0.582311320754717 0.08197236180904523 0.47783018867924526
0 0.2810929648241206 0.596933962264151 0.06155778894472362 0.5023584905660378
0 0.512248743718593 0.6030660377358491 0.13128140703517588 0.5995283018867924
0 0.3925879396984925 0.6082547169811321 0.12123115577889447 0.5297169811320754
0 0.6939384422110553 0.630188679245283 0.13033919597989949 0.5547169811320755
0 0.9423680904522613 0.6445754716981132 0.1152638190954774 0.7108490566037736
0 0.2242462311557789 0.6528301886792452 0.15201005025125627 0.6943396226415094
0 0.8253768844221105 0.6537735849056604 0.135678391959799 0.6773584905660377
1 0.5080087939698492 0.3304245283018868 0.05998743718592965 0.04481132075471698
1 0.21749371859296482 0.35094339622641507 0.058103015075376886 0.059433962264150944
1 0.5907663316582915 0.36650943396226415 0.03706030150753769 0.04150943396226415
1 0.2694723618090452 0.3778301886792453 0.04459798994974874 0.059433962264150944
1 0.6719535175879398 0.38372641509433963 0.061243718592964826 0.04764150943396227
