1 0.1318359375 0.3567708333333333 0.076171875 0.08854166666666667
1 0.03125 0.3567708333333333 0.0625 0.10243055555555555
1 0.31396484375 0.3758680555555556 0.0556640625 0.057291666666666664
1 0.46826171875 0.390625 0.0439453125 0.04861111111111111
1 0.67041015625 0.3932291666666667 0.0439453125 0.057291666666666664
1 0.52490234375 0.4053819444444444 0.0361328125 0.046875
1 0.7109375 0.4279513888888889 0.044921875 0.07465277777777778
1 0.19677734375 0.4288194444444444 0.0634765625 0.0763888888888889
1 0.5859375 0.4288194444444444 0.041015625 0.05555555555555555
1 0.85107421875 0.4557291666666667 0.0615234375 0.07465277777777778
0 0.52490234375 0.6241319444444444 0.0712890625 0.4878472222222222
0 0.658203125 0.625 0.0625 0.5243055555555556
0 0.4599609375 0.6354166666666666 0.08984375 0.5381944444444444
0 0.03515625 0.640625 0.0703125 0.71875
0 0.119140625 0.6458333333333334 0.107421875 0.7083333333333334
0 0.59521484375 0.6501736111111112 0.0947265625 0.5121527777777778
0 0.31591796875 0.6519097222222222 0.1044921875 0.6232638888888888
0 0.70166015625 0.6779513888888888 0.0712890625 0.5677083333333334
0 0.197265625 0.6944444444444444 0.08984375 0.6111111111111112
0 0.8486328125 0.7126736111111112 0.10546875 0.5746527777777778
