2 0.571875 0.5272277227722773 0.19375 0.4900990099009901
2 0.3421875 0.5767326732673267 0.140625 0.6188118811881188
2 0.8015625 0.599009900990099 0.215625 0.5544554455445545
2 0.1453125 0.6064356435643564 0.265625 0.5297029702970297
1 0.159375 0.0891089108910891 0.28125 0.1782178217821782
1 0.340625 0.09653465346534654 0.125 0.15346534653465346
1 0.759375 0.12128712871287128 0.1875 0.19306930693069307
1 0.56875 0.14356435643564355 0.1375 0.13861386138613863
0 0.1578125 0.4504950495049505 0.290625 0.900990099009901
0 0.7890625 0.452970297029703 0.271875 0.8762376237623762
0 0.35625 0.45792079207920794 0.15 0.8960396039603961
0 0.5734375 0.4603960396039604 0.215625 0.7722772277227723
