1 0.8875 0.33 0.08166666666666667 0.07
1 0.19666666666666666 0.3475 0.06 0.055
1 0.4708333333333333 0.365 0.04833333333333333 0.04
1 0.5433333333333333 0.37125 0.03 0.0375
1 0.30583333333333335 0.3925 0.04833333333333333 0.055
1 0.4008333333333333 0.39625 0.03833333333333333 0.0425
0 0.5441666666666667 0.5875 0.075 0.51
0 0.47583333333333333 0.60875 0.085 0.5425
0 0.39916666666666667 0.64 0.085 0.57
0 0.915 0.64375 0.17 0.7125
0 0.18416666666666667 0.65375 0.14166666666666666 0.6925
0 0.31333333333333335 0.6625 0.12 0.595
