1 0.9176923076923077 0.2868663594470046 0.07230769230769231 0.052995391705069124
1 0.1346153846153846 0.3294930875576037 0.07538461538461538 0.07834101382488479
1 0.36153846153846153 0.33755760368663595 0.052307692307692305 0.04377880184331797
1 0.4430769230769231 0.35368663594470046 0.052307692307692305 0.029953917050691243
1 0.7269230769230769 0.35599078341013823 0.05384615384615385 0.04377880184331797
1 0.2469230769230769 0.3617511520737327 0.05692307692307692 0.05069124423963134
1 0.6023076923076923 0.3617511520737327 0.04461538461538461 0.04608294930875576
0 0.9176923076923077 0.5172811059907834 0.12153846153846154 0.5230414746543779
0 0.43923076923076926 0.5345622119815668 0.0876923076923077 0.4009216589861751
0 0.6038461538461538 0.5368663594470046 0.07538461538461538 0.423963133640553
0 0.7384615384615385 0.5472350230414746 0.11384615384615385 0.43548387096774194
0 0.3415384615384615 0.5518433179723502 0.08 0.5
0 0.2453846153846154 0.5817972350230415 0.07538461538461538 0.5184331797235023
0 0.12923076923076923 0.5841013824884793 0.11384615384615385 0.5967741935483871
