1 0.554 0.32222222222222224 0.07333333333333333 0.10555555555555556
1 0.738 0.32916666666666666 0.068 0.10277777777777777
1 0.8593333333333333 0.35 0.068 0.09444444444444444
2 0.5766666666666667 0.5944444444444444 0.10533333333333333 0.3388888888888889
2 0.7373333333333333 0.6027777777777777 0.11466666666666667 0.28888888888888886
0 0.5873333333333334 0.6388888888888888 0.12666666666666668 0.7222222222222222
0 0.7433333333333333 0.6416666666666667 0.13733333333333334 0.7166666666666667
2 0.8686666666666667 0.6430555555555556 0.116 0.3472222222222222
0 0.8786666666666667 0.6444444444444445 0.13333333333333333 0.7111111111111111
0 0.4106666666666667 0.6583333333333333 0.12266666666666666 0.6833333333333333
0 0.312 0.6708333333333333 0.12266666666666666 0.6583333333333333
0 0.196 0.6958333333333333 0.16 0.6083333333333333
0 0.5086666666666667 0.7361111111111112 0.15066666666666667 0.5277777777777778
