1 0.872745490981964 0.3483483483483483 0.08216432865731463 0.0960960960960961
1 0.6312625250501002 0.46546546546546547 0.056112224448897796 0.07207207207207207
1 0.43587174348697394 0.5015015015015015 0.05811623246492986 0.05405405405405406
1 0.29458917835671344 0.5330330330330331 0.036072144288577156 0.04504504504504504
1 0.24148296593186372 0.551051051051051 0.04208416833667335 0.04504504504504504
1 0.16933867735470942 0.5735735735735735 0.03807615230460922 0.03003003003003003
1 0.06613226452905811 0.5795795795795796 0.02404809619238477 0.036036036036036036
0 0.9098196392785571 0.6501501501501501 0.17635270541082165 0.6996996996996997
0 0.4559118236472946 0.6681681681681682 0.1062124248496994 0.3993993993993994
0 0.6482965931863728 0.6771771771771772 0.11823647294589178 0.4894894894894895
0 0.0781563126252505 0.6846846846846847 0.056112224448897796 0.22822822822822822
0 0.313627254509018 0.6876876876876877 0.09418837675350701 0.35435435435435436
0 0.24949899799599198 0.6921921921921922 0.08216432865731463 0.3213213213213213
0 0.17835671342685372 0.6921921921921922 0.06813627254509018 0.2912912912912913
