1 0.3984375 0.4342105263157895 0.064453125 0.06140350877192982
1 0.2509765625 0.4371345029239766 0.078125 0.09649122807017543
1 0.33203125 0.4502923976608187 0.041015625 0.04678362573099415
1 0.44921875 0.4546783625730994 0.025390625 0.049707602339181284
1 0.662109375 0.4590643274853801 0.033203125 0.04678362573099415
1 0.560546875 0.4692982456140351 0.044921875 0.05555555555555555
1 0.7138671875 0.4780701754385965 0.0546875 0.06140350877192982
2 0.662109375 0.5131578947368421 0.033203125 0.1023391812865497
0 0.666015625 0.5409356725146199 0.048828125 0.23976608187134502
2 0.3349609375 0.5482456140350878 0.05859375 0.13157894736842105
2 0.5673828125 0.5833333333333334 0.07421875 0.1608187134502924
2 0.7099609375 0.5921052631578947 0.0703125 0.1783625730994152
0 0.3330078125 0.6067251461988304 0.078125 0.37719298245614036
2 0.41015625 0.618421052631579 0.119140625 0.260233918128655
0 0.5732421875 0.618421052631579 0.08984375 0.3654970760233918
2 0.240234375 0.6301169590643275 0.119140625 0.26608187134502925
0 0.7177734375 0.652046783625731 0.10546875 0.38011695906432746
0 0.236328125 0.6929824561403509 0.158203125 0.6140350877192983
0 0.41015625 0.6988304093567251 0.158203125 0.6023391812865497
