1 0.21966666666666668 0.2725 0.038 0.045
1 0.283 0.3255 0.038 0.055
0 0.20833333333333334 0.3945 0.074 0.287
1 0.421 0.413 0.03 0.06
0 0.28633333333333333 0.481 0.082 0.338
1 0.455 0.6 0.05533333333333333 0.07
0 0.3963333333333333 0.637 0.07133333333333333 0.376
1 0.6093333333333333 0.6465 0.05333333333333334 0.067
1 0.7893333333333333 0.718 0.06666666666666667 0.08
2 0.4513333333333333 0.7375 0.06933333333333333 0.163
0 0.454 0.7435 0.088 0.323
0 0.599 0.7625 0.094 0.263
2 0.6093333333333333 0.778 0.052 0.152
0 0.8116666666666666 0.802 0.11 0.22
